$ANSIBLE_VAULT;1.1;AES256
61373562396335356638336337313363313039323336336362663435663236326136396533383166
3330313262356330373037376435393535336537663339360a386263613865326534336539313530
62646432376664366562333339356238323531306339386139393538633539633862313335653264
3166306135313865620a343834313463386534373831383162313738663334613630653362643537
39396533353465646462343264643332383632366436306164626538623039366462323665306139
38663838666362356466303566333537343737663638313039656164393864656538323735636539
65633963366337356335343632373165653961343433646132666333306238376432633565366639
33386536363266353832396638643831663334636437306165663939356563643933393661616533
65326432653366643766366162386338333663393963663463313038356466626661313662396461
30636530343232653865616238613237653430663561306164343235643062333262396637343538
36306161633563376163336437643565336535633835356639643332636336393632306135356638
38633662623533343038646432376539396464323261333138326536303135306165373733303534
34383333393335343165313561646338366137336638636538623932386230323363646265396233
37376231386430636232376431326466353663346135316265343163366565373934373265653666
30383163363938333639366139313532366235346232346230303739393366363862393064613037
31666339373037373764336363363463366564373038353330343131646561363337363633663633
63373064353162653364623966303037663266633166666165623936303532353230623039346231
33663664346135656164353332373962313462643130633139333230633639653166613438366261
64373630383731653438326332366136386166653865633064633330353034636530333162666439
37386331383835626631616431323864396133363838353335393536316166346561373333373661
65303630376431653930653733336437303766396238646166656564363462336333366530366535
39663465616162653230386630313436343439393563343333376566376634633033656663306239
38636366623731393130393537336333393261336132633138646432306132613562613263343031
32643338363761663335613433353132643231383764303264663539383462653535356430656264
30373439653839636263323530396563653138373330383834623130616439626436373761633133
36383462303939396134323234316230663732323832613130363061616535356435363361383831
31636632643233616531326333656266346361316565663436396436303037353337666330363366
38313461303131333530
